1.01126 0.853861
1.0791 0.923414
1.0802 0.869841
1.51335 1.00912
1.82263 0.954903
2.07175 0.827592
2.32582 0.694848
2.49611 0.617889
2.56697 0.57941
2.73974 0.422
3.39592 -0.271863
3.48299 -0.357511
3.73595 -0.608481
4.15262 -0.807783
4.38279 -0.986911
5.0571 -0.955961
5.12165 -0.872501
5.15873 -0.928501
5.36445 -0.824298
5.67895 -0.587942
5.78497 -0.470743
5.85418 -0.45173
6.26508 -0.0201132
6.29118 0.02711
6.41588 0.143018
6.50349 0.207775
7.09485 0.681057
7.39451 0.897642
7.69362 0.984016
7.69994 0.948987
8.01691 1.02112
8.04987 1.01114
8.40556 0.876359
8.5385 0.797374
8.5613 0.712484
8.76016 0.587722
8.88375 0.537681
9.60311 -0.134813
9.89673 -0.460052
9.97116 -0.46963
